# Game Level Exporter v1.0
LIGHT
Light
<Matrix 4x4 (-0.2909, -0.0552,  0.9552, 0.0000)
            (-0.7711,  0.6045, -0.1999, 0.0000)
            (-0.5664, -0.7947, -0.2184, 0.0000)
            ( 6.1816,  8.6797,  3.6773, 1.0000)>
CAMERA
Camera
<Matrix 4x4 ( 0.0159,  0.0000, 0.9999, 0.0000)
            (-0.4452,  0.8954, 0.0071, 0.0000)
            (-0.8953, -0.4453, 0.0142, 0.0000)
            (23.9307,  5.9032, 4.0718, 1.0000)>
MESH
Floor_Modular
<Matrix 4x4 ( 1.0000, 0.0000,  0.0000, 0.0000)
            ( 0.0000, 1.0000, -0.0000, 0.0000)
            ( 0.0000, 0.0000,  1.0000, 0.0000)
            (-0.0010, 0.0001, -0.0000, 1.0000)>
MESH
Floor_Modular.001
<Matrix 4x4 (1.0000, 0.0000,  0.0000, 0.0000)
            (0.0000, 1.0000, -0.0000, 0.0000)
            (0.0000, 0.0000,  1.0000, 0.0000)
            (0.0000, 0.0000,  2.0009, 1.0000)>
MESH
Floor_Modular.002
<Matrix 4x4 ( 1.0000, 0.0000,  0.0000, 0.0000)
            ( 0.0000, 1.0000, -0.0000, 0.0000)
            ( 0.0000, 0.0000,  1.0000, 0.0000)
            (-0.0010, 0.0001,  3.9830, 1.0000)>
MESH
Floor_Modular.003
<Matrix 4x4 ( 1.0000, 0.0000,  0.0000, 0.0000)
            ( 0.0000, 1.0000, -0.0000, 0.0000)
            ( 0.0000, 0.0000,  1.0000, 0.0000)
            (-0.0010, 0.0001,  5.9697, 1.0000)>
MESH
Floor_Modular.004
<Matrix 4x4 ( 1.0000, 0.0000,  0.0000, 0.0000)
            ( 0.0000, 1.0000, -0.0000, 0.0000)
            ( 0.0000, 0.0000,  1.0000, 0.0000)
            (-0.0010, 0.0001, -0.0000, 1.0000)>
MESH
Floor_Modular.005
<Matrix 4x4 (1.0000, 0.0000,  0.0000, 0.0000)
            (0.0000, 1.0000, -0.0000, 0.0000)
            (0.0000, 0.0000,  1.0000, 0.0000)
            (1.9852, 0.0001, -0.0000, 1.0000)>
MESH
Floor_Modular.006
<Matrix 4x4 (1.0000, 0.0000,  0.0000, 0.0000)
            (0.0000, 1.0000, -0.0000, 0.0000)
            (0.0000, 0.0000,  1.0000, 0.0000)
            (1.9788, 0.0001,  2.0009, 1.0000)>
MESH
Floor_Modular.007
<Matrix 4x4 (1.0000, 0.0000,  0.0000, 0.0000)
            (0.0000, 1.0000, -0.0000, 0.0000)
            (0.0000, 0.0000,  1.0000, 0.0000)
            (1.9803, 0.0001,  3.9830, 1.0000)>
MESH
Floor_Modular.008
<Matrix 4x4 (1.0000, 0.0000,  0.0000, 0.0000)
            (0.0000, 1.0000, -0.0000, 0.0000)
            (0.0000, 0.0000,  1.0000, 0.0000)
            (1.9781, 0.0001,  5.9697, 1.0000)>
MESH
Floor_Modular.009
<Matrix 4x4 (1.0000, 0.0000,  0.0000, 0.0000)
            (0.0000, 1.0000, -0.0000, 0.0000)
            (0.0000, 0.0000,  1.0000, 0.0000)
            (3.9940, 0.0001, -0.0000, 1.0000)>
MESH
Floor_Modular.010
<Matrix 4x4 (1.0000, 0.0000,  0.0000, 0.0000)
            (0.0000, 1.0000, -0.0000, 0.0000)
            (0.0000, 0.0000,  1.0000, 0.0000)
            (3.9807, 0.0000,  2.0009, 1.0000)>
MESH
Floor_Modular.011
<Matrix 4x4 (1.0000, 0.0000,  0.0000, 0.0000)
            (0.0000, 1.0000, -0.0000, 0.0000)
            (0.0000, 0.0000,  1.0000, 0.0000)
            (3.9885, 0.0001,  3.9830, 1.0000)>
MESH
Floor_Modular.012
<Matrix 4x4 (1.0000, 0.0000,  0.0000, 0.0000)
            (0.0000, 1.0000, -0.0000, 0.0000)
            (0.0000, 0.0000,  1.0000, 0.0000)
            (3.9824, 0.0001,  5.9697, 1.0000)>
MESH
Floor_Modular.013
<Matrix 4x4 (1.0000, 0.0000,  0.0000, 0.0000)
            (0.0000, 1.0000, -0.0000, 0.0000)
            (0.0000, 0.0000,  1.0000, 0.0000)
            (5.9981, 0.0001, -0.0000, 1.0000)>
MESH
Floor_Modular.014
<Matrix 4x4 (1.0000, 0.0000,  0.0000, 0.0000)
            (0.0000, 1.0000, -0.0000, 0.0000)
            (0.0000, 0.0000,  1.0000, 0.0000)
            (5.9831, 0.0000,  2.0009, 1.0000)>
MESH
Floor_Modular.015
<Matrix 4x4 (1.0000, 0.0000,  0.0000, 0.0000)
            (0.0000, 1.0000, -0.0000, 0.0000)
            (0.0000, 0.0000,  1.0000, 0.0000)
            (5.9848, 0.0001,  3.9830, 1.0000)>
MESH
Floor_Modular.016
<Matrix 4x4 (1.0000, 0.0000,  0.0000, 0.0000)
            (0.0000, 1.0000, -0.0000, 0.0000)
            (0.0000, 0.0000,  1.0000, 0.0000)
            (5.9894, 0.0001,  5.9697, 1.0000)>
MESH
Floor_Modular.017
<Matrix 4x4 ( 1.0000, 0.0000,  0.0000, 0.0000)
            ( 0.0000, 1.0000, -0.0000, 0.0000)
            ( 0.0000, 0.0000,  1.0000, 0.0000)
            (-0.0010, 0.0001,  7.9737, 1.0000)>
MESH
Floor_Modular.018
<Matrix 4x4 (1.0000, 0.0000,  0.0000, 0.0000)
            (0.0000, 1.0000, -0.0000, 0.0000)
            (0.0000, 0.0000,  1.0000, 0.0000)
            (1.9852, 0.0001,  7.9767, 1.0000)>
MESH
Floor_Modular.019
<Matrix 4x4 (1.0000, 0.0000,  0.0000, 0.0000)
            (0.0000, 1.0000, -0.0000, 0.0000)
            (0.0000, 0.0000,  1.0000, 0.0000)
            (3.9940, 0.0001,  7.9812, 1.0000)>
MESH
Floor_Modular.020
<Matrix 4x4 (1.0000, 0.0000,  0.0000, 0.0000)
            (0.0000, 1.0000, -0.0000, 0.0000)
            (0.0000, 0.0000,  1.0000, 0.0000)
            (5.9981, 0.0001,  7.9739, 1.0000)>
MESH
Floor_Modular.021
<Matrix 4x4 (1.0000, 0.0000,  0.0000, 0.0000)
            (0.0000, 1.0000, -0.0000, 0.0000)
            (0.0000, 0.0000,  1.0000, 0.0000)
            (7.9957, 0.0001, -0.0000, 1.0000)>
MESH
Floor_Modular.022
<Matrix 4x4 (1.0000, 0.0000,  0.0000, 0.0000)
            (0.0000, 1.0000, -0.0000, 0.0000)
            (0.0000, 0.0000,  1.0000, 0.0000)
            (7.9968, 0.0000,  2.0009, 1.0000)>
MESH
Floor_Modular.023
<Matrix 4x4 (1.0000, 0.0000,  0.0000, 0.0000)
            (0.0000, 1.0000, -0.0000, 0.0000)
            (0.0000, 0.0000,  1.0000, 0.0000)
            (7.9957, 0.0001,  3.9830, 1.0000)>
MESH
Floor_Modular.024
<Matrix 4x4 (1.0000, 0.0000,  0.0000, 0.0000)
            (0.0000, 1.0000, -0.0000, 0.0000)
            (0.0000, 0.0000,  1.0000, 0.0000)
            (7.9957, 0.0001,  5.9697, 1.0000)>
MESH
Floor_Modular.025
<Matrix 4x4 (1.0000, 0.0000,  0.0000, 0.0000)
            (0.0000, 1.0000, -0.0000, 0.0000)
            (0.0000, 0.0000,  1.0000, 0.0000)
            (7.9957, 0.0001,  7.9737, 1.0000)>
MESH
Floor_Modular.026
<Matrix 4x4 ( 1.0000, 0.0000,  0.0000, 0.0000)
            ( 0.0000, 1.0000, -0.0000, 0.0000)
            ( 0.0000, 0.0000,  1.0000, 0.0000)
            (10.0018, 0.0001, -0.0000, 1.0000)>
MESH
Floor_Modular.027
<Matrix 4x4 ( 1.0000, 0.0000,  0.0000, 0.0000)
            ( 0.0000, 1.0000, -0.0000, 0.0000)
            ( 0.0000, 0.0000,  1.0000, 0.0000)
            (10.0029, 0.0000,  2.0009, 1.0000)>
MESH
Floor_Modular.028
<Matrix 4x4 ( 1.0000, 0.0000,  0.0000, 0.0000)
            ( 0.0000, 1.0000, -0.0000, 0.0000)
            ( 0.0000, 0.0000,  1.0000, 0.0000)
            (10.0018, 0.0001,  3.9830, 1.0000)>
MESH
Floor_Modular.029
<Matrix 4x4 ( 1.0000, 0.0000,  0.0000, 0.0000)
            ( 0.0000, 1.0000, -0.0000, 0.0000)
            ( 0.0000, 0.0000,  1.0000, 0.0000)
            (10.0018, 0.0001,  5.9697, 1.0000)>
MESH
Floor_Modular.030
<Matrix 4x4 ( 1.0000, 0.0000,  0.0000, 0.0000)
            ( 0.0000, 1.0000, -0.0000, 0.0000)
            ( 0.0000, 0.0000,  1.0000, 0.0000)
            (10.0018, 0.0001,  7.9737, 1.0000)>
MESH
Floor_Modular.031
<Matrix 4x4 ( 1.0000, 0.0000,  0.0000, 0.0000)
            ( 0.0000, 1.0000, -0.0000, 0.0000)
            ( 0.0000, 0.0000,  1.0000, 0.0000)
            (12.0135, 0.0001, -0.0000, 1.0000)>
MESH
Floor_Modular.032
<Matrix 4x4 ( 1.0000, 0.0000,  0.0000, 0.0000)
            ( 0.0000, 1.0000, -0.0000, 0.0000)
            ( 0.0000, 0.0000,  1.0000, 0.0000)
            (12.0146, 0.0000,  2.0009, 1.0000)>
MESH
Floor_Modular.033
<Matrix 4x4 ( 1.0000, 0.0000,  0.0000, 0.0000)
            ( 0.0000, 1.0000, -0.0000, 0.0000)
            ( 0.0000, 0.0000,  1.0000, 0.0000)
            (12.0135, 0.0001,  3.9830, 1.0000)>
MESH
Floor_Modular.034
<Matrix 4x4 ( 1.0000, 0.0000,  0.0000, 0.0000)
            ( 0.0000, 1.0000, -0.0000, 0.0000)
            ( 0.0000, 0.0000,  1.0000, 0.0000)
            (12.0135, 0.0001,  5.9697, 1.0000)>
MESH
Floor_Modular.035
<Matrix 4x4 ( 1.0000, 0.0000,  0.0000, 0.0000)
            ( 0.0000, 1.0000, -0.0000, 0.0000)
            ( 0.0000, 0.0000,  1.0000, 0.0000)
            (12.0135, 0.0001,  7.9737, 1.0000)>
MESH
Floor_Modular.038
<Matrix 4x4 ( 1.0000, 0.0000,  0.0000, 0.0000)
            ( 0.0000, 1.0000, -0.0000, 0.0000)
            ( 0.0000, 0.0000,  1.0000, 0.0000)
            (-1.9920, 0.0000,  2.0009, 1.0000)>
MESH
Floor_Modular.037
<Matrix 4x4 ( 1.0000, 0.0000,  0.0000, 0.0000)
            ( 0.0000, 1.0000, -0.0000, 0.0000)
            ( 0.0000, 0.0000,  1.0000, 0.0000)
            (-1.9931, 0.0001,  3.9830, 1.0000)>
MESH
Floor_Modular.036
<Matrix 4x4 ( 1.0000, 0.0000,  0.0000, 0.0000)
            ( 0.0000, 1.0000, -0.0000, 0.0000)
            ( 0.0000, 0.0000,  1.0000, 0.0000)
            (-1.9931, 0.0001,  5.9697, 1.0000)>
MESH
Floor_Modular.041
<Matrix 4x4 ( 1.0000, 0.0000,  0.0000, 0.0000)
            ( 0.0000, 1.0000, -0.0000, 0.0000)
            ( 0.0000, 0.0000,  1.0000, 0.0000)
            (-3.9908, 0.0001,  5.9697, 1.0000)>
MESH
Floor_Modular.040
<Matrix 4x4 ( 1.0000, 0.0000,  0.0000, 0.0000)
            ( 0.0000, 1.0000, -0.0000, 0.0000)
            ( 0.0000, 0.0000,  1.0000, 0.0000)
            (-3.9908, 0.0001,  3.9830, 1.0000)>
MESH
Floor_Modular.039
<Matrix 4x4 ( 1.0000, 0.0000,  0.0000, 0.0000)
            ( 0.0000, 1.0000, -0.0000, 0.0000)
            ( 0.0000, 0.0000,  1.0000, 0.0000)
            (-3.9897, 0.0000,  2.0009, 1.0000)>
MESH
Floor_Modular.047
<Matrix 4x4 ( 1.0000, 0.0000,  0.0000, 0.0000)
            ( 0.0000, 1.0000, -0.0000, 0.0000)
            ( 0.0000, 0.0000,  1.0000, 0.0000)
            (-5.9930, 0.0001,  5.9697, 1.0000)>
MESH
Floor_Modular.046
<Matrix 4x4 ( 1.0000, 0.0000,  0.0000, 0.0000)
            ( 0.0000, 1.0000, -0.0000, 0.0000)
            ( 0.0000, 0.0000,  1.0000, 0.0000)
            (-5.9930, 0.0001,  3.9830, 1.0000)>
MESH
Floor_Modular.045
<Matrix 4x4 ( 1.0000, 0.0000,  0.0000, 0.0000)
            ( 0.0000, 1.0000, -0.0000, 0.0000)
            ( 0.0000, 0.0000,  1.0000, 0.0000)
            (-5.9920, 0.0000,  2.0009, 1.0000)>
MESH
Floor_Modular.044
<Matrix 4x4 ( 1.0000, 0.0000,  0.0000, 0.0000)
            ( 0.0000, 1.0000, -0.0000, 0.0000)
            ( 0.0000, 0.0000,  1.0000, 0.0000)
            (-7.9896, 0.0000,  2.0009, 1.0000)>
MESH
Floor_Modular.043
<Matrix 4x4 ( 1.0000, 0.0000,  0.0000, 0.0000)
            ( 0.0000, 1.0000, -0.0000, 0.0000)
            ( 0.0000, 0.0000,  1.0000, 0.0000)
            (-7.9907, 0.0001,  3.9830, 1.0000)>
MESH
Floor_Modular.042
<Matrix 4x4 ( 1.0000, 0.0000,  0.0000, 0.0000)
            ( 0.0000, 1.0000, -0.0000, 0.0000)
            ( 0.0000, 0.0000,  1.0000, 0.0000)
            (-7.9907, 0.0001,  5.9697, 1.0000)>
MESH
Floor_Modular.059
<Matrix 4x4 ( 1.0000, 0.0000,  0.0000, 0.0000)
            ( 0.0000, 1.0000, -0.0000, 0.0000)
            ( 0.0000, 0.0000,  1.0000, 0.0000)
            (20.0082, 0.0001,  5.9697, 1.0000)>
MESH
Floor_Modular.058
<Matrix 4x4 ( 1.0000, 0.0000,  0.0000, 0.0000)
            ( 0.0000, 1.0000, -0.0000, 0.0000)
            ( 0.0000, 0.0000,  1.0000, 0.0000)
            (20.0082, 0.0001,  3.9830, 1.0000)>
MESH
Floor_Modular.057
<Matrix 4x4 ( 1.0000, 0.0000,  0.0000, 0.0000)
            ( 0.0000, 1.0000, -0.0000, 0.0000)
            ( 0.0000, 0.0000,  1.0000, 0.0000)
            (20.0092, 0.0000,  2.0009, 1.0000)>
MESH
Floor_Modular.056
<Matrix 4x4 ( 1.0000, 0.0000,  0.0000, 0.0000)
            ( 0.0000, 1.0000, -0.0000, 0.0000)
            ( 0.0000, 0.0000,  1.0000, 0.0000)
            (18.0115, 0.0000,  2.0009, 1.0000)>
MESH
Floor_Modular.055
<Matrix 4x4 ( 1.0000, 0.0000,  0.0000, 0.0000)
            ( 0.0000, 1.0000, -0.0000, 0.0000)
            ( 0.0000, 0.0000,  1.0000, 0.0000)
            (18.0105, 0.0001,  3.9830, 1.0000)>
MESH
Floor_Modular.054
<Matrix 4x4 ( 1.0000, 0.0000,  0.0000, 0.0000)
            ( 0.0000, 1.0000, -0.0000, 0.0000)
            ( 0.0000, 0.0000,  1.0000, 0.0000)
            (18.0105, 0.0001,  5.9697, 1.0000)>
MESH
Floor_Modular.053
<Matrix 4x4 ( 1.0000, 0.0000,  0.0000, 0.0000)
            ( 0.0000, 1.0000, -0.0000, 0.0000)
            ( 0.0000, 0.0000,  1.0000, 0.0000)
            (14.0105, 0.0001,  5.9697, 1.0000)>
MESH
Floor_Modular.052
<Matrix 4x4 ( 1.0000, 0.0000,  0.0000, 0.0000)
            ( 0.0000, 1.0000, -0.0000, 0.0000)
            ( 0.0000, 0.0000,  1.0000, 0.0000)
            (14.0105, 0.0001,  3.9830, 1.0000)>
MESH
Floor_Modular.051
<Matrix 4x4 ( 1.0000, 0.0000,  0.0000, 0.0000)
            ( 0.0000, 1.0000, -0.0000, 0.0000)
            ( 0.0000, 0.0000,  1.0000, 0.0000)
            (14.0116, 0.0000,  2.0009, 1.0000)>
MESH
Floor_Modular.050
<Matrix 4x4 ( 1.0000, 0.0000,  0.0000, 0.0000)
            ( 0.0000, 1.0000, -0.0000, 0.0000)
            ( 0.0000, 0.0000,  1.0000, 0.0000)
            (16.0093, 0.0000,  2.0009, 1.0000)>
MESH
Floor_Modular.049
<Matrix 4x4 ( 1.0000, 0.0000,  0.0000, 0.0000)
            ( 0.0000, 1.0000, -0.0000, 0.0000)
            ( 0.0000, 0.0000,  1.0000, 0.0000)
            (16.0082, 0.0001,  3.9830, 1.0000)>
MESH
Floor_Modular.048
<Matrix 4x4 ( 1.0000, 0.0000,  0.0000, 0.0000)
            ( 0.0000, 1.0000, -0.0000, 0.0000)
            ( 0.0000, 0.0000,  1.0000, 0.0000)
            (16.0082, 0.0001,  5.9697, 1.0000)>
MESH
Snake_angry
<Matrix 4x4 (-0.0000, 0.0000, -0.2000, 0.0000)
            (-0.0000, 0.2000,  0.0000, 0.0000)
            ( 0.2000, 0.0000, -0.0000, 0.0000)
            (17.1745, 0.0999,  4.6161, 1.0000)>
MESH
Snake_angry.001
<Matrix 4x4 (-0.0000, 0.0000, -0.2000, 0.0000)
            (-0.0000, 0.2000,  0.0000, 0.0000)
            ( 0.2000, 0.0000, -0.0000, 0.0000)
            (18.4560, 0.0999,  5.1897, 1.0000)>
MESH
Snake_angry.002
<Matrix 4x4 (-0.0000, 0.0000, -0.2000, 0.0000)
            (-0.0000, 0.2000,  0.0000, 0.0000)
            ( 0.2000, 0.0000, -0.0000, 0.0000)
            (19.7344, 0.0999,  3.0042, 1.0000)>
MESH
Snake_angry.003
<Matrix 4x4 (-0.0000, 0.0000, -0.2000, 0.0000)
            (-0.0000, 0.2000,  0.0000, 0.0000)
            ( 0.2000, 0.0000, -0.0000, 0.0000)
            (15.4419, 0.0999,  2.6052, 1.0000)>
MESH
Snake_angry.004
<Matrix 4x4 (-0.0000, 0.0000, -0.2000, 0.0000)
            (-0.0000, 0.2000,  0.0000, 0.0000)
            ( 0.2000, 0.0000, -0.0000, 0.0000)
            (20.2521, 0.0999,  5.7754, 1.0000)>
MESH
Snake_angry.005
<Matrix 4x4 (-0.0000, 0.0000, -0.2000, 0.0000)
            (-0.0000, 0.2000,  0.0000, 0.0000)
            ( 0.2000, 0.0000, -0.0000, 0.0000)
            (20.3235, 0.0999,  4.6161, 1.0000)>
MESH
Rat
<Matrix 4x4 (-0.0000, 0.0000, -0.1000, 0.0000)
            (-0.0000, 0.1000,  0.0000, 0.0000)
            ( 0.1000, 0.0000, -0.0000, 0.0000)
            (17.7861, 0.1017,  3.2194, 1.0000)>
MESH
Rat.001
<Matrix 4x4 (-0.0000, 0.0000, -0.1000, 0.0000)
            (-0.0000, 0.1000,  0.0000, 0.0000)
            ( 0.1000, 0.0000, -0.0000, 0.0000)
            (17.9342, 0.1017,  6.0537, 1.0000)>
MESH
Rat.002
<Matrix 4x4 (-0.0000, 0.0000, -0.1000, 0.0000)
            (-0.0000, 0.1000,  0.0000, 0.0000)
            ( 0.1000, 0.0000, -0.0000, 0.0000)
            (15.2395, 0.1017,  3.8406, 1.0000)>
MESH
Rat.003
<Matrix 4x4 (-0.0000, 0.0000, -0.1000, 0.0000)
            (-0.0000, 0.1000,  0.0000, 0.0000)
            ( 0.1000, 0.0000, -0.0000, 0.0000)
            (19.2803, 0.1017,  2.0394, 1.0000)>
MESH
Rat.004
<Matrix 4x4 (-0.0000, 0.0000, -0.1000, 0.0000)
            (-0.0000, 0.1000,  0.0000, 0.0000)
            ( 0.1000, 0.0000, -0.0000, 0.0000)
            (16.7550, 0.1017,  1.9340, 1.0000)>
MESH
Rat.005
<Matrix 4x4 (-0.0000, 0.0000, -0.1000, 0.0000)
            (-0.0000, 0.1000,  0.0000, 0.0000)
            ( 0.1000, 0.0000, -0.0000, 0.0000)
            (20.4302, 0.1017,  3.4817, 1.0000)>
MESH
Rat.006
<Matrix 4x4 (-0.0000, 0.0000, -0.1000, 0.0000)
            (-0.0000, 0.1000,  0.0000, 0.0000)
            ( 0.1000, 0.0000, -0.0000, 0.0000)
            (16.3036, 0.1017,  5.6492, 1.0000)>
MESH
Rat.007
<Matrix 4x4 (-0.0000, 0.0000, -0.1000, 0.0000)
            (-0.0000, 0.1000,  0.0000, 0.0000)
            ( 0.1000, 0.0000, -0.0000, 0.0000)
            (19.1987, 0.1017,  4.2169, 1.0000)>
MESH
Snake_angry.006
<Matrix 4x4 (-0.0000, 0.0000, -0.2000, 0.0000)
            (-0.0000, 0.2000,  0.0000, 0.0000)
            ( 0.2000, 0.0000, -0.0000, 0.0000)
            (17.1745, 0.0999,  2.8759, 1.0000)>
MESH
Snake_angry.007
<Matrix 4x4 (-0.0000, 0.0000, -0.2000, 0.0000)
            (-0.0000, 0.2000,  0.0000, 0.0000)
            ( 0.2000, 0.0000, -0.0000, 0.0000)
            (19.1606, 0.0999,  4.6161, 1.0000)>
MESH
Snake_angry.008
<Matrix 4x4 (-0.0000, 0.0000, -0.2000, 0.0000)
            (-0.0000, 0.2000,  0.0000, 0.0000)
            ( 0.2000, 0.0000, -0.0000, 0.0000)
            (19.3136, 0.0999,  3.9284, 1.0000)>
MESH
Rat.008
<Matrix 4x4 (-0.0000, 0.0000, -0.1000, 0.0000)
            (-0.0000, 0.1000,  0.0000, 0.0000)
            ( 0.1000, 0.0000, -0.0000, 0.0000)
            (16.9914, 0.1017,  4.0491, 1.0000)>
MESH
Rat.009
<Matrix 4x4 (-0.0000, 0.0000, -0.1000, 0.0000)
            (-0.0000, 0.1000,  0.0000, 0.0000)
            ( 0.1000, 0.0000, -0.0000, 0.0000)
            (20.0232, 0.1017,  2.3086, 1.0000)>
MESH
Wasp
<Matrix 4x4 (-0.3000, 0.0000,  0.0000, 0.0000)
            ( 0.0000, 0.3000,  0.0000, 0.0000)
            (-0.0000, 0.0000, -0.3000, 0.0000)
            (15.0938, 1.8321,  3.5589, 1.0000)>
MESH
Wasp.001
<Matrix 4x4 (-0.3000, 0.0000,  0.0000, 0.0000)
            ( 0.0000, 0.3000,  0.0000, 0.0000)
            (-0.0000, 0.0000, -0.3000, 0.0000)
            (17.4999, 0.9956,  5.1106, 1.0000)>
MESH
Wasp.002
<Matrix 4x4 (-0.3000, 0.0000,  0.0000, 0.0000)
            ( 0.0000, 0.3000,  0.0000, 0.0000)
            (-0.0000, 0.0000, -0.3000, 0.0000)
            (16.9449, 2.3149,  2.6363, 1.0000)>
MESH
Wasp.003
<Matrix 4x4 (-0.3000, 0.0000,  0.0000, 0.0000)
            ( 0.0000, 0.3000,  0.0000, 0.0000)
            (-0.0000, 0.0000, -0.3000, 0.0000)
            (18.6150, 0.4380,  3.5589, 1.0000)>
MESH
Wasp.004
<Matrix 4x4 (-0.3000, 0.0000,  0.0000, 0.0000)
            ( 0.0000, 0.3000,  0.0000, 0.0000)
            (-0.0000, 0.0000, -0.3000, 0.0000)
            (13.9614, 1.0613,  4.9973, 1.0000)>
MESH
Wasp.005
<Matrix 4x4 (-0.3000, 0.0000,  0.0000, 0.0000)
            ( 0.0000, 0.3000,  0.0000, 0.0000)
            (-0.0000, 0.0000, -0.3000, 0.0000)
            (18.4796, 1.5880,  3.5589, 1.0000)>
MESH
Wasp.006
<Matrix 4x4 (-0.3000, 0.0000,  0.0000, 0.0000)
            ( 0.0000, 0.3000,  0.0000, 0.0000)
            (-0.0000, 0.0000, -0.3000, 0.0000)
            (18.8480, 1.8321,  2.0453, 1.0000)>
MESH
Skull
<Matrix 4x4 (-0.7623, 0.0000, -0.6472, 0.0000)
            (-0.0000, 1.0000,  0.0000, 0.0000)
            ( 0.6472, 0.0000, -0.7623, 0.0000)
            (13.2374, 0.1004,  1.6606, 1.0000)>
MESH
Skull.001
<Matrix 4x4 (-0.7623, 0.0000, -0.6472, 0.0000)
            (-0.0000, 1.0000,  0.0000, 0.0000)
            ( 0.6472, 0.0000, -0.7623, 0.0000)
            (-0.2883, 0.1004, -0.3875, 1.0000)>
MESH
Skull.002
<Matrix 4x4 (-0.7869, 0.0000,  0.6170, 0.0000)
            ( 0.0000, 1.0000,  0.0000, 0.0000)
            (-0.6170, 0.0000, -0.7869, 0.0000)
            (-0.2883, 0.1004,  1.6462, 1.0000)>
MESH
Skull.003
<Matrix 4x4 (-0.0230, 0.0000,  0.9997, 0.0000)
            ( 0.0000, 1.0000,  0.0000, 0.0000)
            (-0.9997, 0.0000, -0.0230, 0.0000)
            ( 2.2544, 0.1004,  8.3090, 1.0000)>
MESH
Column2
<Matrix 4x4 (1.0000, 0.0000,  0.0000, 0.0000)
            (0.0000, 1.0000, -0.0000, 0.0000)
            (0.0000, 0.0000,  1.0000, 0.0000)
            (2.7829, 0.0848,  1.3394, 1.0000)>
MESH
Column2.001
<Matrix 4x4 (1.0000, 0.0000,  0.0000, 0.0000)
            (0.0000, 1.0000, -0.0000, 0.0000)
            (0.0000, 0.0000,  1.0000, 0.0000)
            (6.5407, 0.0848,  1.3394, 1.0000)>
MESH
Column2.002
<Matrix 4x4 (1.0000, 0.0000,  0.0000, 0.0000)
            (0.0000, 1.0000, -0.0000, 0.0000)
            (0.0000, 0.0000,  1.0000, 0.0000)
            (9.8124, 0.0848,  1.3394, 1.0000)>
MESH
Column2.005
<Matrix 4x4 (1.0000, 0.0000,  0.0000, 0.0000)
            (0.0000, 1.0000, -0.0000, 0.0000)
            (0.0000, 0.0000,  1.0000, 0.0000)
            (2.7829, 0.0848,  6.5180, 1.0000)>
MESH
Column2.004
<Matrix 4x4 (1.0000, 0.0000,  0.0000, 0.0000)
            (0.0000, 1.0000, -0.0000, 0.0000)
            (0.0000, 0.0000,  1.0000, 0.0000)
            (6.5407, 0.0848,  6.5180, 1.0000)>
MESH
Column2.003
<Matrix 4x4 (1.0000, 0.0000,  0.0000, 0.0000)
            (0.0000, 1.0000, -0.0000, 0.0000)
            (0.0000, 0.0000,  1.0000, 0.0000)
            (9.8124, 0.0848,  6.5180, 1.0000)>
MESH
Banner_wall
<Matrix 4x4 (1.0000, 0.0000,  0.0000, 0.0000)
            (0.0000, 1.0000, -0.0000, 0.0000)
            (0.0000, 0.0000,  1.0000, 0.0000)
            (2.7993, 3.5858,  5.8584, 1.0000)>
MESH
Banner_wall.001
<Matrix 4x4 (1.0000, 0.0000,  0.0000, 0.0000)
            (0.0000, 1.0000, -0.0000, 0.0000)
            (0.0000, 0.0000,  1.0000, 0.0000)
            (6.5522, 3.5858,  5.8584, 1.0000)>
MESH
Banner_wall.002
<Matrix 4x4 (1.0000, 0.0000,  0.0000, 0.0000)
            (0.0000, 1.0000, -0.0000, 0.0000)
            (0.0000, 0.0000,  1.0000, 0.0000)
            (9.8229, 3.5858,  5.8584, 1.0000)>
MESH
Banner_wall.005
<Matrix 4x4 (-1.0000, 0.0000,  0.0086, 0.0000)
            ( 0.0000, 1.0000,  0.0000, 0.0000)
            (-0.0086, 0.0000, -1.0000, 0.0000)
            ( 9.8104, 3.5858,  2.0020, 1.0000)>
MESH
Banner_wall.004
<Matrix 4x4 (-1.0000, 0.0000,  0.0086, 0.0000)
            ( 0.0000, 1.0000,  0.0000, 0.0000)
            (-0.0086, 0.0000, -1.0000, 0.0000)
            ( 6.5495, 3.5858,  1.9853, 1.0000)>
MESH
Banner_wall.003
<Matrix 4x4 (-1.0000, 0.0000,  0.0086, 0.0000)
            ( 0.0000, 1.0000,  0.0000, 0.0000)
            (-0.0086, 0.0000, -1.0000, 0.0000)
            ( 2.7871, 3.5858,  1.9804, 1.0000)>
MESH
Floor_BricksSeparate
<Matrix 4x4 (1.0000, 0.0000,  0.0000, 0.0000)
            (0.0000, 1.0000, -0.0000, 0.0000)
            (0.0000, 0.0000,  1.0000, 0.0000)
            (0.0000, 0.1265,  0.4544, 1.0000)>
MESH
Floor_BricksSeparate.001
<Matrix 4x4 ( 0.7713, 0.0000, -0.6364, 0.0000)
            (-0.0000, 1.0000, -0.0000, 0.0000)
            ( 0.6364, 0.0000,  0.7713, 0.0000)
            ( 0.0599, 0.1265,  7.9430, 1.0000)>
MESH
Floor_BricksSeparate.002
<Matrix 4x4 ( 0.3857, 0.0000, -0.3182, 0.0000)
            (-0.0000, 0.5000, -0.0000, 0.0000)
            ( 0.3182, 0.0000,  0.3857, 0.0000)
            ( 4.1164, 0.1265,  6.2798, 1.0000)>
MESH
Floor_BricksSeparate.003
<Matrix 4x4 ( 0.3857, 0.0000, -0.3182, 0.0000)
            (-0.0000, 0.5000, -0.0000, 0.0000)
            ( 0.3182, 0.0000,  0.3857, 0.0000)
            ( 4.9038, 0.1265,  2.5102, 1.0000)>
MESH
Floor_BricksSeparate.004
<Matrix 4x4 (-0.4453, 0.0000, -0.2275, 0.0000)
            (-0.0000, 0.5000,  0.0000, 0.0000)
            ( 0.2275, 0.0000, -0.4453, 0.0000)
            ( 7.7211, 0.1265,  4.6264, 1.0000)>
MESH
Floor_BricksSeparate.005
<Matrix 4x4 ( 0.3857, 0.0000, -0.3182, 0.0000)
            (-0.0000, 0.5000, -0.0000, 0.0000)
            ( 0.3182, 0.0000,  0.3857, 0.0000)
            ( 4.1164, 0.1265,  6.2798, 1.0000)>
MESH
Floor_BricksSeparate.006
<Matrix 4x4 ( 0.1581, 0.0000,  0.9874, 0.0000)
            ( 0.0000, 1.0000, -0.0000, 0.0000)
            (-0.9874, 0.0000,  0.1581, 0.0000)
            (10.9316, 0.1265, -0.3116, 1.0000)>
MESH
Skeleton
<Matrix 4x4 (0.3000, 0.0000,  0.0000, 0.0000)
            (0.0000, 0.3000, -0.0000, 0.0000)
            (0.0000, 0.0000,  0.3000, 0.0000)
            (4.8378, 0.0603,  8.3599, 1.0000)>
MESH
Skeleton.001
<Matrix 4x4 (0.3000, 0.0000,  0.0000, 0.0000)
            (0.0000, 0.3000, -0.0000, 0.0000)
            (0.0000, 0.0000,  0.3000, 0.0000)
            (8.2134, 0.0661,  8.3599, 1.0000)>
MESH
Skeleton.003
<Matrix 4x4 (-0.3000, 0.0000,  0.0015, 0.0000)
            ( 0.0000, 0.3000,  0.0000, 0.0000)
            (-0.0015, 0.0000, -0.3000, 0.0000)
            ( 8.2133, 0.0603, -0.5223, 1.0000)>
MESH
Skeleton.002
<Matrix 4x4 (-0.3000, 0.0000,  0.0015, 0.0000)
            ( 0.0000, 0.3000,  0.0000, 0.0000)
            (-0.0015, 0.0000, -0.3000, 0.0000)
            ( 4.8378, 0.0661, -0.5052, 1.0000)>
MESH
Pedestal
<Matrix 4x4 (0.5000,  0.0000,  0.0000, 0.0000)
            (0.0000,  0.5000, -0.0000, 0.0000)
            (0.0000,  0.0000,  0.5000, 0.0000)
            (2.1057, -0.0681,  3.9689, 1.0000)>
MESH
Chest_Gold
<Matrix 4x4 ( 0.0086, 0.0000,  1.0000, 0.0000)
            ( 0.0000, 1.0000, -0.0000, 0.0000)
            (-1.0000, 0.0000,  0.0086, 0.0000)
            ( 1.9645, 1.0180,  3.9771, 1.0000)>
MESH
Chest
<Matrix 4x4 (-0.5384, 0.0000,  0.8427, 0.0000)
            ( 0.0000, 1.0000,  0.0000, 0.0000)
            (-0.8427, 0.0000, -0.5384, 0.0000)
            ( 2.4533, 0.0973,  2.7661, 1.0000)>
MESH
Chest.001
<Matrix 4x4 ( 0.4772, 0.0000,  0.8788, 0.0000)
            ( 0.0000, 1.0000, -0.0000, 0.0000)
            (-0.8788, 0.0000,  0.4772, 0.0000)
            ( 2.4533, 0.0973,  5.1806, 1.0000)>
MESH
Skeleton.004
<Matrix 4x4 (-0.0358, 0.0000, -0.2979, 0.0000)
            (-0.0000, 0.3000,  0.0000, 0.0000)
            ( 0.2979, 0.0000, -0.0358, 0.0000)
            (11.2610, 0.0603,  4.1040, 1.0000)>
